ALLCLOSE False
MAX_DIFF 4.0
MISMATCH 4096 / 4096
CHUNK_ROW 0 COLS 0 8 OUT [0.125, 0.1259765625, 0.126953125, 0.1279296875, 0.12890625, 0.1298828125, 0.130859375, 0.1318359375]
CHUNK_ROW 0 COLS 0 8 REF [0.0, 0.0009765625, 0.001953125, 0.0029296875, 0.00390625, 0.0048828125, 0.005859375, 0.0068359375]
CHUNK_ROW 0 COLS 64 72 OUT [0.1875, 0.1884765625, 0.189453125, 0.1904296875, 0.19140625, 0.1923828125, 0.193359375, 0.1943359375]
CHUNK_ROW 0 COLS 64 72 REF [0.0625, 0.0634765625, 0.064453125, 0.0654296875, 0.06640625, 0.0673828125, 0.068359375, 0.0693359375]
CHUNK_ROW 0 COLS 128 136 OUT [0.0, 0.0, 0.0, 0.0, 0.0, 0.0, 0.0, 0.0]
CHUNK_ROW 0 COLS 128 136 REF [0.125, 0.1259765625, 0.126953125, 0.1279296875, 0.12890625, 0.1298828125, 0.130859375, 0.1318359375]
CHUNK_ROW 0 COLS 192 200 OUT [0.0, 0.0, 0.0, 0.0, 0.0, 0.0, 0.0, 0.0]
CHUNK_ROW 0 COLS 192 200 REF [0.1875, 0.1884765625, 0.189453125, 0.1904296875, 0.19140625, 0.1923828125, 0.193359375, 0.1943359375]
CHUNK_ROW 1 COLS 0 8 OUT [0.375, 0.3759765625, 0.376953125, 0.3779296875, 0.37890625, 0.3798828125, 0.380859375, 0.3818359375]
CHUNK_ROW 1 COLS 0 8 REF [0.25, 0.2509765625, 0.251953125, 0.2529296875, 0.25390625, 0.2548828125, 0.255859375, 0.2568359375]
CHUNK_ROW 1 COLS 64 72 OUT [0.4375, 0.4384765625, 0.439453125, 0.4404296875, 0.44140625, 0.4423828125, 0.443359375, 0.4443359375]
CHUNK_ROW 1 COLS 64 72 REF [0.3125, 0.3134765625, 0.314453125, 0.3154296875, 0.31640625, 0.3173828125, 0.318359375, 0.3193359375]
CHUNK_ROW 1 COLS 128 136 OUT [0.0, 0.0, 0.0, 0.0, 0.0, 0.0, 0.0, 0.0]
CHUNK_ROW 1 COLS 128 136 REF [0.375, 0.3759765625, 0.376953125, 0.3779296875, 0.37890625, 0.3798828125, 0.380859375, 0.3818359375]
CHUNK_ROW 1 COLS 192 200 OUT [0.0, 0.0, 0.0, 0.0, 0.0, 0.0, 0.0, 0.0]
CHUNK_ROW 1 COLS 192 200 REF [0.4375, 0.4384765625, 0.439453125, 0.4404296875, 0.44140625, 0.4423828125, 0.443359375, 0.4443359375]
CHUNK_ROW 15 COLS 0 8 OUT [1.875, 1.876953125, 1.876953125, 1.87890625, 1.87890625, 1.880859375, 1.880859375, 1.8828125]
CHUNK_ROW 15 COLS 0 8 REF [3.75, 3.75, 3.751953125, 3.75390625, 3.75390625, 3.75390625, 3.755859375, 3.7578125]
CHUNK_ROW 15 COLS 64 72 OUT [1.9375, 1.939453125, 1.939453125, 1.94140625, 1.94140625, 1.943359375, 1.943359375, 1.9453125]
CHUNK_ROW 15 COLS 64 72 REF [3.8125, 3.8125, 3.814453125, 3.81640625, 3.81640625, 3.81640625, 3.818359375, 3.8203125]
CHUNK_ROW 15 COLS 128 136 OUT [0.0, 0.0, 0.0, 0.0, 0.0, 0.0, 0.0, 0.0]
CHUNK_ROW 15 COLS 128 136 REF [3.875, 3.875, 3.876953125, 3.87890625, 3.87890625, 3.87890625, 3.880859375, 3.8828125]
CHUNK_ROW 15 COLS 192 200 OUT [0.0, 0.0, 0.0, 0.0, 0.0, 0.0, 0.0, 0.0]
CHUNK_ROW 15 COLS 192 200 REF [3.9375, 3.9375, 3.939453125, 3.94140625, 3.94140625, 3.94140625, 3.943359375, 3.9453125]
